# Ancestral state reconstruction for all nodes in Q5SRN2.treefile
# This file can be read in MS Excel or in R with command:
#   tab=read.table('Q5SRN2.state',header=TRUE)
# Columns are tab-separated with following meaning:
#   Node:  Node name in the tree
#   Site:  Alignment site ID
#   State: Most likely state assignment
#   p_X:   Posterior probability for state X (empirical Bayesian method)
Node	Site	State	p_A	p_C	p_G	p_T
Node11	1	G	0.00000	0.00015	0.99985	0.00000
Node11	2	G	0.00000	0.00015	0.99985	0.00000
Node11	3	G	0.00000	0.00015	0.99985	0.00000
Node11	4	G	0.00000	0.00015	0.99985	0.00000
Node11	5	G	0.00000	0.00015	0.99985	0.00000
Node11	6	G	0.00000	0.00015	0.99985	0.00000
Node11	7	G	0.00000	0.00015	0.99985	0.00000
Node11	8	G	0.00000	0.26597	0.73403	0.00000
Node11	9	G	0.00000	0.26597	0.73403	0.00000
Node11	10	G	0.00000	0.26597	0.73403	0.00000
Node11	11	G	0.00000	0.00050	0.99950	0.00000
Node11	12	G	0.00000	0.00015	0.99985	0.00000
Node11	13	G	0.00000	0.00015	0.99985	0.00000
Node11	14	G	0.00000	0.00015	0.99985	0.00000
Node11	15	G	0.00000	0.00015	0.99985	0.00000
Node11	16	G	0.00000	0.00015	0.99985	0.00000
Node11	17	G	0.00000	0.00015	0.99985	0.00000
Node11	18	G	0.00000	0.00015	0.99985	0.00000
Node11	19	G	0.00000	0.00015	0.99985	0.00000
Node11	20	G	0.00000	0.00015	0.99985	0.00000
Node11	21	G	0.00000	0.00015	0.99985	0.00000
Node11	22	G	0.00000	0.00015	0.99985	0.00000
Node11	23	G	0.00000	0.00015	0.99985	0.00000
Node11	24	G	0.00000	0.00015	0.99985	0.00000
Node11	25	G	0.00000	0.00015	0.99985	0.00000
Node11	26	G	0.00000	0.00015	0.99985	0.00000
Node11	27	G	0.00000	0.00015	0.99985	0.00000
Node11	28	G	0.00000	0.00015	0.99985	0.00000
Node11	29	G	0.00000	0.00015	0.99985	0.00000
Node11	30	G	0.00000	0.00015	0.99985	0.00000
Node11	31	G	0.00000	0.00015	0.99985	0.00000
Node11	32	G	0.00000	0.00015	0.99985	0.00000
Node11	33	G	0.00000	0.00015	0.99985	0.00000
Node11	34	G	0.00000	0.00015	0.99985	0.00000
Node11	35	G	0.00000	0.00015	0.99985	0.00000
Node11	36	G	0.00000	0.00015	0.99985	0.00000
Node11	37	G	0.00000	0.00015	0.99985	0.00000
Node11	38	G	0.00000	0.00015	0.99985	0.00000
Node11	39	G	0.00000	0.00015	0.99985	0.00000
Node11	40	G	0.00000	0.00015	0.99985	0.00000
Node11	41	G	0.00000	0.00015	0.99985	0.00000
Node11	42	G	0.00000	0.00015	0.99985	0.00000
Node11	43	G	0.00000	0.00015	0.99985	0.00000
Node11	44	G	0.00000	0.00016	0.99984	0.00000
Node11	45	G	0.00000	0.00015	0.99985	0.00000
Node11	46	G	0.00000	0.00015	0.99985	0.00000
Node11	47	G	0.00000	0.00015	0.99985	0.00000
Node11	48	G	0.00000	0.00015	0.99985	0.00000
Node11	49	G	0.00000	0.00015	0.99985	0.00000
Node11	50	G	0.00000	0.00015	0.99985	0.00000
Node11	51	G	0.00000	0.00015	0.99985	0.00000
Node11	52	G	0.00000	0.00015	0.99985	0.00000
Node11	53	G	0.00000	0.00015	0.99985	0.00000
Node11	54	G	0.00000	0.00015	0.99985	0.00000
Node11	55	G	0.00000	0.00015	0.99985	0.00000
Node11	56	G	0.00000	0.09646	0.90354	0.00000
Node11	57	G	0.00000	0.09645	0.90355	0.00000
Node11	58	G	0.00000	0.00015	0.99985	0.00000
Node11	59	G	0.00000	0.00015	0.99985	0.00000
Node11	60	G	0.00000	0.00015	0.99985	0.00000
Node11	61	G	0.00000	0.00015	0.99985	0.00000
Node11	62	G	0.00000	0.00015	0.99985	0.00000
Node11	63	G	0.00000	0.00015	0.99985	0.00000
Node11	64	G	0.00000	0.00015	0.99985	0.00000
Node11	65	G	0.00000	0.00015	0.99985	0.00000
Node11	66	G	0.00000	0.00015	0.99985	0.00000
Node11	67	G	0.00000	0.00015	0.99985	0.00000
Node11	68	G	0.00000	0.00015	0.99985	0.00000
Node11	69	G	0.00000	0.00015	0.99985	0.00000
Node11	70	G	0.00000	0.00015	0.99985	0.00000
Node11	71	G	0.00000	0.00010	0.99990	0.00000
Node11	72	G	0.00000	0.00010	0.99990	0.00000
Node11	73	G	0.00000	0.00010	0.99990	0.00000
Node11	74	G	0.00000	0.00015	0.99985	0.00000
Node11	75	G	0.00000	0.00010	0.99990	0.00000
Node11	76	G	0.00000	0.00010	0.99990	0.00000
Node11	77	G	0.00000	0.00015	0.99985	0.00000
Node11	78	G	0.00000	0.00010	0.99990	0.00000
Node11	79	G	0.00000	0.00010	0.99990	0.00000
Node11	80	G	0.00000	0.00010	0.99990	0.00000
Node11	81	G	0.00000	0.00010	0.99990	0.00000
Node11	82	G	0.00000	0.00010	0.99990	0.00000
Node11	83	G	0.00000	0.00010	0.99990	0.00000
Node11	84	G	0.00000	0.00010	0.99990	0.00000
Node11	85	G	0.00000	0.00010	0.99990	0.00000
Node11	86	G	0.00000	0.00010	0.99990	0.00000
Node11	87	G	0.00000	0.00010	0.99990	0.00000
Node11	88	G	0.00000	0.00010	0.99990	0.00000
Node11	89	G	0.00000	0.00010	0.99990	0.00000
Node11	90	G	0.00000	0.00010	0.99990	0.00000
Node11	91	G	0.00000	0.00010	0.99990	0.00000
Node11	92	G	0.00000	0.00010	0.99990	0.00000
Node11	93	G	0.00000	0.00010	0.99990	0.00000
Node11	94	G	0.00000	0.00010	0.99990	0.00000
Node11	95	G	0.00000	0.00010	0.99990	0.00000
Node11	96	G	0.00000	0.00010	0.99990	0.00000
Node11	97	G	0.00000	0.00010	0.99990	0.00000
Node11	98	G	0.00000	0.00010	0.99990	0.00000
Node11	99	G	0.00000	0.00010	0.99990	0.00000
Node11	100	G	0.00000	0.00010	0.99990	0.00000
Node11	101	G	0.00000	0.00010	0.99990	0.00000
Node11	102	G	0.00000	0.00010	0.99990	0.00000
Node11	103	G	0.00000	0.00010	0.99990	0.00000
Node11	104	G	0.00000	0.00010	0.99990	0.00000
Node11	105	G	0.00000	0.00010	0.99990	0.00000
Node11	106	G	0.00000	0.00010	0.99990	0.00000
Node11	107	G	0.00000	0.00010	0.99990	0.00000
Node11	108	G	0.00000	0.00010	0.99990	0.00000
Node11	109	G	0.00000	0.00010	0.99990	0.00000
Node11	110	G	0.00000	0.00015	0.99985	0.00000
Node11	111	G	0.00000	0.00015	0.99985	0.00000
Node11	112	G	0.00000	0.00015	0.99985	0.00000
Node11	113	G	0.00000	0.00015	0.99985	0.00000
Node11	114	G	0.00000	0.00015	0.99985	0.00000
Node11	115	G	0.00000	0.00015	0.99985	0.00000
Node11	116	G	0.00000	0.00473	0.99527	0.00000
Node11	117	G	0.00000	0.00480	0.99520	0.00000
Node11	118	G	0.00000	0.00475	0.99525	0.00000
Node11	119	G	0.00000	0.00480	0.99520	0.00000
Node11	120	G	0.00000	0.00475	0.99525	0.00000
Node11	121	G	0.00000	0.00475	0.99525	0.00000
Node11	122	G	0.00000	0.00476	0.99524	0.00000
Node11	123	G	0.00000	0.00476	0.99524	0.00000
Node11	124	G	0.00000	0.00476	0.99524	0.00000
Node11	125	G	0.00000	0.00475	0.99525	0.00000
Node11	126	G	0.00000	0.00476	0.99524	0.00000
Node11	127	G	0.00000	0.00475	0.99525	0.00000
Node11	128	G	0.00000	0.00475	0.99525	0.00000
Node11	129	G	0.00000	0.00475	0.99525	0.00000
Node11	130	C	0.00000	0.77570	0.22430	0.00000
Node11	131	G	0.00000	0.00472	0.99528	0.00000
Node11	132	C	0.00000	0.77574	0.22426	0.00000
Node11	133	C	0.00000	0.77574	0.22426	0.00000
Node11	134	G	0.00000	0.00471	0.99529	0.00000
Node11	135	G	0.00000	0.00471	0.99529	0.00000
Node11	136	C	0.00000	0.77564	0.22436	0.00000
Node11	137	C	0.00000	0.77564	0.22436	0.00000
Node11	138	G	0.00000	0.00483	0.99517	0.00000
Node11	139	G	0.00000	0.00483	0.99517	0.00000
Node11	140	G	0.00000	0.00476	0.99524	0.00000
Node11	141	G	0.00000	0.00476	0.99524	0.00000
Node11	142	G	0.00000	0.00491	0.99509	0.00000
Node11	143	G	0.00000	0.00491	0.99509	0.00000
Node11	144	G	0.00000	0.00491	0.99509	0.00000
Node11	145	G	0.00000	0.00499	0.99501	0.00000
Node11	146	G	0.00000	0.00488	0.99512	0.00000
Node11	147	G	0.00000	0.00481	0.99519	0.00000
Node11	148	G	0.00000	0.00481	0.99519	0.00000
Node11	149	G	0.00000	0.00481	0.99519	0.00000
Node11	150	G	0.00000	0.00483	0.99517	0.00000
Node11	151	G	0.00000	0.00481	0.99519	0.00000
Node11	152	G	0.00000	0.00476	0.99524	0.00000
Node11	153	G	0.00000	0.00474	0.99526	0.00000
Node11	154	G	0.00000	0.00474	0.99526	0.00000
Node11	155	G	0.00000	0.00474	0.99526	0.00000
Node11	156	G	0.00000	0.00480	0.99520	0.00000
Node11	157	G	0.00000	0.00479	0.99521	0.00000
Node11	158	G	0.00000	0.00043	0.99957	0.00000
Node11	159	G	0.00000	0.00043	0.99957	0.00000
Node11	160	G	0.00000	0.00043	0.99957	0.00000
Node11	161	G	0.00000	0.00043	0.99957	0.00000
Node11	162	G	0.00000	0.00043	0.99957	0.00000
Node11	163	G	0.00000	0.00043	0.99957	0.00000
Node11	164	G	0.00000	0.00043	0.99957	0.00000
Node11	165	G	0.00000	0.00043	0.99957	0.00000
Node11	166	G	0.00000	0.00043	0.99957	0.00000
Node11	167	G	0.00000	0.00043	0.99957	0.00000
Node11	168	G	0.00000	0.00043	0.99957	0.00000
Node11	169	G	0.00000	0.00043	0.99957	0.00000
Node11	170	G	0.00000	0.00043	0.99957	0.00000
Node11	171	G	0.00000	0.00043	0.99957	0.00000
Node11	172	G	0.00000	0.00471	0.99529	0.00000
Node11	173	G	0.00000	0.00471	0.99529	0.00000
Node11	174	G	0.00000	0.00044	0.99956	0.00000
Node11	175	G	0.00000	0.00044	0.99956	0.00000
Node11	176	G	0.00000	0.00044	0.99956	0.00000
Node11	177	G	0.00000	0.00043	0.99957	0.00000
Node11	178	G	0.00000	0.00010	0.99990	0.00000
Node11	179	G	0.00000	0.00010	0.99990	0.00000
Node11	180	G	0.00000	0.00010	0.99990	0.00000
Node11	181	G	0.00000	0.00044	0.99956	0.00000
Node11	182	G	0.00000	0.00044	0.99956	0.00000
Node11	183	G	0.00000	0.00482	0.99518	0.00000
Node11	184	G	0.00000	0.00481	0.99519	0.00000
Node11	185	C	0.00000	0.78335	0.21665	0.00000
Node11	186	G	0.00000	0.00493	0.99507	0.00000
Node11	187	C	0.00000	0.78305	0.21695	0.00000
Node11	188	G	0.00000	0.00492	0.99508	0.00000
Node11	189	C	0.00000	0.78305	0.21695	0.00000
Node11	190	C	0.00000	0.78124	0.21876	0.00000
Node11	191	G	0.00000	0.06988	0.93012	0.00000
Node11	192	G	0.00000	0.00010	0.99990	0.00000
Node11	193	G	0.00000	0.00010	0.99990	0.00000
Node11	194	G	0.00000	0.00010	0.99990	0.00000
Node11	195	G	0.00000	0.00010	0.99990	0.00000
Node11	196	G	0.00000	0.06988	0.93012	0.00000
Node11	197	G	0.00000	0.06988	0.93012	0.00000
Node11	198	C	0.00000	0.77546	0.22454	0.00000
Node11	199	C	0.00000	0.77610	0.22390	0.00000
Node11	200	C	0.00000	0.77546	0.22454	0.00000
Node11	201	C	0.00000	0.83301	0.16699	0.00000
Node11	202	C	0.00000	0.83170	0.16830	0.00000
Node11	203	C	0.00000	0.83164	0.16836	0.00000
Node11	204	C	0.00000	0.82886	0.17114	0.00000
Node11	205	C	0.00000	0.82756	0.17244	0.00000
Node11	206	C	0.00000	0.82756	0.17244	0.00000
Node11	207	C	0.00000	0.82752	0.17248	0.00000
Node11	208	C	0.00000	0.83290	0.16710	0.00000
Node11	209	C	0.00000	0.83363	0.16637	0.00000
Node11	210	C	0.00000	0.83363	0.16637	0.00000
Node11	211	C	0.00000	0.83363	0.16637	0.00000
Node11	212	C	0.00000	0.83378	0.16622	0.00000
Node11	213	C	0.00000	0.83461	0.16539	0.00000
Node11	214	C	0.00000	0.83461	0.16539	0.00000
Node11	215	C	0.00000	0.83461	0.16539	0.00000
Node11	216	C	0.00000	0.83461	0.16539	0.00000
Node11	217	C	0.00000	0.83461	0.16539	0.00000
Node11	218	C	0.00000	0.83461	0.16539	0.00000
Node11	219	C	0.00000	0.83462	0.16538	0.00000
Node11	220	C	0.00000	0.83462	0.16538	0.00000
Node11	221	C	0.00000	0.83462	0.16538	0.00000
Node11	222	C	0.00000	0.83462	0.16538	0.00000
Node11	223	C	0.00000	0.83462	0.16538	0.00000
Node11	224	C	0.00000	0.83462	0.16538	0.00000
Node11	225	C	0.00000	0.83462	0.16538	0.00000
Node11	226	C	0.00000	0.83462	0.16538	0.00000
Node11	227	C	0.00000	0.83462	0.16538	0.00000
Node11	228	C	0.00000	0.83462	0.16538	0.00000
Node11	229	C	0.00000	0.83463	0.16537	0.00000
Node11	230	C	0.00000	0.83463	0.16537	0.00000
Node11	231	C	0.00000	0.83463	0.16537	0.00000
Node11	232	C	0.00000	0.83463	0.16537	0.00000
Node11	233	C	0.00000	0.83463	0.16537	0.00000
Node11	234	C	0.00000	0.83462	0.16538	0.00000
Node11	235	C	0.00000	0.83463	0.16537	0.00000
Node11	236	C	0.00000	0.83463	0.16537	0.00000
Node11	237	C	0.00000	0.83462	0.16538	0.00000
Node11	238	C	0.00000	0.83463	0.16537	0.00000
Node11	239	C	0.00000	0.83462	0.16538	0.00000
Node11	240	C	0.00000	0.83463	0.16537	0.00000
Node11	241	C	0.00000	0.83462	0.16538	0.00000
Node11	242	C	0.00000	0.83462	0.16538	0.00000
Node11	243	C	0.00000	0.83462	0.16538	0.00000
Node11	244	C	0.00000	0.83462	0.16538	0.00000
Node11	245	C	0.00000	0.83462	0.16538	0.00000
Node11	246	C	0.00000	0.83462	0.16538	0.00000
Node11	247	C	0.00000	0.83462	0.16538	0.00000
Node11	248	C	0.00000	0.83462	0.16538	0.00000
Node11	249	C	0.00000	0.83462	0.16538	0.00000
Node11	250	C	0.00000	0.83462	0.16538	0.00000
Node11	251	C	0.00000	0.83462	0.16538	0.00000
Node11	252	C	0.00000	0.83462	0.16538	0.00000
Node11	253	C	0.00000	0.83462	0.16538	0.00000
Node11	254	C	0.00000	0.83461	0.16539	0.00000
Node11	255	C	0.00000	0.83461	0.16539	0.00000
Node11	256	C	0.00000	0.83461	0.16539	0.00000
Node11	257	C	0.00000	0.83461	0.16539	0.00000
Node11	258	C	0.00000	0.83460	0.16540	0.00000
Node11	259	C	0.00000	0.77963	0.22037	0.00000
Node11	260	C	0.00000	0.78146	0.21854	0.00000
Node11	261	C	0.00000	0.83462	0.16538	0.00000
Node11	262	C	0.00000	0.83462	0.16538	0.00000
Node11	263	C	0.00000	0.83462	0.16538	0.00000
Node11	264	C	0.00000	0.83461	0.16539	0.00000
Node11	265	C	0.00000	0.83462	0.16538	0.00000
Node11	266	C	0.00000	0.83462	0.16538	0.00000
Node11	267	C	0.00000	0.83462	0.16538	0.00000
Node11	268	C	0.00000	0.83462	0.16538	0.00000
Node11	269	C	0.00000	0.83463	0.16537	0.00000
Node11	270	C	0.00000	0.83463	0.16537	0.00000
Node11	271	C	0.00000	0.78150	0.21850	0.00000
Node11	272	C	0.00000	0.83462	0.16538	0.00000
Node11	273	C	0.00000	0.83462	0.16538	0.00000
Node11	274	C	0.00000	0.83462	0.16538	0.00000
Node11	275	C	0.00000	0.83462	0.16538	0.00000
Node11	276	C	0.00000	0.83462	0.16538	0.00000
Node11	277	C	0.00000	0.83462	0.16538	0.00000
Node11	278	C	0.00000	0.83462	0.16538	0.00000
Node11	279	C	0.00000	0.83462	0.16538	0.00000
Node11	280	C	0.00000	0.83462	0.16538	0.00000
Node11	281	C	0.00000	0.83462	0.16538	0.00000
Node11	282	C	0.00000	0.83462	0.16538	0.00000
Node11	283	C	0.00000	0.83463	0.16537	0.00000
Node11	284	C	0.00000	0.83462	0.16538	0.00000
Node11	285	C	0.00000	0.83463	0.16537	0.00000
Node11	286	C	0.00000	0.83462	0.16538	0.00000
Node11	287	C	0.00000	0.83463	0.16537	0.00000
Node11	288	C	0.00000	0.83462	0.16538	0.00000
Node11	289	C	0.00000	0.83462	0.16538	0.00000
Node11	290	C	0.00000	0.99990	0.00010	0.00000
Node11	291	C	0.00000	0.99990	0.00010	0.00000
Node11	292	C	0.00000	0.99990	0.00010	0.00000
Node11	293	C	0.00000	0.99990	0.00010	0.00000
Node11	294	C	0.00000	0.99990	0.00010	0.00000
Node11	295	C	0.00000	0.99990	0.00010	0.00000
Node11	296	C	0.00000	0.99990	0.00010	0.00000
Node11	297	C	0.00000	0.99990	0.00010	0.00000
Node11	298	C	0.00000	0.99990	0.00010	0.00000
Node11	299	C	0.00000	0.99990	0.00010	0.00000
Node11	300	C	0.00000	0.99990	0.00010	0.00000
Node11	301	C	0.00000	0.99990	0.00010	0.00000
Node11	302	C	0.00000	0.99990	0.00010	0.00000
Node11	303	C	0.00000	0.99990	0.00010	0.00000
Node11	304	C	0.00000	0.99990	0.00010	0.00000
Node11	305	C	0.00000	0.99990	0.00010	0.00000
Node11	306	G	0.00000	0.00010	0.99990	0.00000
Node11	307	C	0.00000	0.99990	0.00010	0.00000
Node11	308	C	0.00000	0.99990	0.00010	0.00000
Node11	309	C	0.00000	0.99990	0.00010	0.00000
Node11	310	C	0.00000	0.99990	0.00010	0.00000
Node11	311	C	0.00000	0.99990	0.00010	0.00000
Node11	312	C	0.00000	0.99990	0.00010	0.00000
Node11	313	C	0.00000	0.99990	0.00010	0.00000
Node11	314	C	0.00000	0.99990	0.00010	0.00000
Node11	315	C	0.00000	0.99990	0.00010	0.00000
Node11	316	C	0.00000	0.99990	0.00010	0.00000
Node11	317	C	0.00000	0.99990	0.00010	0.00000
Node11	318	C	0.00000	0.99990	0.00010	0.00000
Node11	319	C	0.00000	0.99990	0.00010	0.00000
Node11	320	C	0.00000	0.99990	0.00010	0.00000
Node11	321	C	0.00000	0.99990	0.00010	0.00000
Node11	322	C	0.00000	0.99990	0.00010	0.00000
Node11	323	C	0.00000	0.99990	0.00010	0.00000
Node11	324	C	0.00000	0.99990	0.00010	0.00000
Node11	325	C	0.00000	0.99990	0.00010	0.00000
Node11	326	C	0.00000	0.99990	0.00010	0.00000
Node11	327	C	0.00000	0.99990	0.00010	0.00000
Node11	328	C	0.00000	0.99990	0.00010	0.00000
Node11	329	C	0.00000	0.99990	0.00010	0.00000
Node11	330	C	0.00000	0.99990	0.00010	0.00000
Node11	331	C	0.00000	0.99990	0.00010	0.00000
Node11	332	C	0.00000	0.99990	0.00010	0.00000
Node11	333	C	0.00000	0.99990	0.00010	0.00000
Node11	334	C	0.00000	0.99990	0.00010	0.00000
Node11	335	C	0.00000	0.99990	0.00010	0.00000
Node11	336	C	0.00000	0.99990	0.00010	0.00000
Node11	337	C	0.00000	0.99990	0.00010	0.00000
Node11	338	C	0.00000	0.99990	0.00010	0.00000
Node11	339	C	0.00000	0.99990	0.00010	0.00000
Node11	340	C	0.00000	0.99990	0.00010	0.00000
Node11	341	C	0.00000	0.99990	0.00010	0.00000
Node11	342	C	0.00000	0.99990	0.00010	0.00000
Node11	343	C	0.00000	0.99990	0.00010	0.00000
Node11	344	C	0.00000	0.99990	0.00010	0.00000
Node11	345	C	0.00000	0.99990	0.00010	0.00000
Node11	346	C	0.00000	0.99990	0.00010	0.00000
Node11	347	C	0.00000	0.99990	0.00010	0.00000
Node11	348	C	0.00000	0.76105	0.23895	0.00000
Node11	349	C	0.00000	0.76105	0.23895	0.00000
Node11	350	C	0.00000	0.76102	0.23898	0.00000
Node11	351	C	0.00000	0.76102	0.23898	0.00000
Node11	352	C	0.00000	0.76102	0.23898	0.00000
Node11	353	C	0.00000	0.76102	0.23898	0.00000
Node11	354	C	0.00000	0.76096	0.23904	0.00000
Node11	355	C	0.00000	0.76104	0.23896	0.00000
Node11	356	C	0.00000	0.76096	0.23904	0.00000
Node11	357	C	0.00000	0.76100	0.23900	0.00000
Node11	358	C	0.00000	0.76100	0.23900	0.00000
Node11	359	C	0.00000	0.76100	0.23900	0.00000
Node11	360	C	0.00000	0.76100	0.23900	0.00000
Node11	361	C	0.00000	0.76100	0.23900	0.00000
Node11	362	C	0.00000	0.76100	0.23900	0.00000
Node11	363	C	0.00000	0.99990	0.00010	0.00000
Node11	364	C	0.00000	0.99990	0.00010	0.00000
Node11	365	C	0.00000	0.99990	0.00010	0.00000
Node11	366	C	0.00000	0.99990	0.00010	0.00000
Node11	367	C	0.00000	0.99990	0.00010	0.00000
Node11	368	C	0.00000	0.99990	0.00010	0.00000
Node11	369	C	0.00000	0.99990	0.00010	0.00000
Node11	370	C	0.00000	0.99990	0.00010	0.00000
Node11	371	C	0.00000	0.99990	0.00010	0.00000
Node11	372	C	0.00000	0.99990	0.00010	0.00000
Node11	373	C	0.00000	0.99990	0.00010	0.00000
Node11	374	C	0.00000	0.99990	0.00010	0.00000
Node11	375	C	0.00000	0.99990	0.00010	0.00000
Node11	376	C	0.00000	0.99990	0.00010	0.00000
Node11	377	C	0.00000	0.99990	0.00010	0.00000
Node11	378	C	0.00000	0.99990	0.00010	0.00000
Node11	379	C	0.00000	0.99990	0.00010	0.00000
Node11	380	C	0.00000	0.99990	0.00010	0.00000
Node11	381	C	0.00000	0.99990	0.00010	0.00000
Node11	382	C	0.00000	0.99990	0.00010	0.00000
Node11	383	C	0.00000	0.99990	0.00010	0.00000
Node11	384	C	0.00000	0.99990	0.00010	0.00000
Node11	385	C	0.00000	0.99990	0.00010	0.00000
Node11	386	C	0.00000	0.99990	0.00010	0.00000
Node11	387	C	0.00000	0.99990	0.00010	0.00000
Node11	388	C	0.00000	0.99990	0.00010	0.00000
Node11	389	C	0.00000	0.99990	0.00010	0.00000
Node11	390	C	0.00000	0.99990	0.00010	0.00000
Node11	391	C	0.00000	0.99990	0.00010	0.00000
Node11	392	C	0.00000	0.99990	0.00010	0.00000
Node11	393	C	0.00000	0.99990	0.00010	0.00000
Node11	394	C	0.00000	0.99990	0.00010	0.00000
Node11	395	C	0.00000	0.99990	0.00010	0.00000
Node11	396	C	0.00000	0.99990	0.00010	0.00000
Node11	397	C	0.00000	0.99990	0.00010	0.00000
Node11	398	C	0.00000	0.99990	0.00010	0.00000
Node11	399	G	0.00000	0.00165	0.99835	0.00000
Node11	400	C	0.00000	0.99990	0.00010	0.00000
Node11	401	C	0.00000	0.99990	0.00010	0.00000
Node11	402	C	0.00000	0.99990	0.00010	0.00000
Node11	403	C	0.00000	0.99990	0.00010	0.00000
Node11	404	C	0.00000	0.99990	0.00010	0.00000
Node11	405	C	0.00000	0.99990	0.00010	0.00000
Node11	406	C	0.00000	0.99990	0.00010	0.00000
Node11	407	C	0.00000	0.99990	0.00010	0.00000
Node11	408	C	0.00000	0.99990	0.00010	0.00000
Node11	409	C	0.00000	0.99990	0.00010	0.00000
Node11	410	C	0.00000	0.99990	0.00010	0.00000
Node11	411	C	0.00000	0.99990	0.00010	0.00000
Node11	412	C	0.00000	0.99990	0.00010	0.00000
Node11	413	C	0.00000	0.99990	0.00010	0.00000
Node11	414	C	0.00000	0.99957	0.00043	0.00000
Node11	415	C	0.00000	0.99530	0.00470	0.00000
Node11	416	G	0.00000	0.00014	0.99986	0.00000
Node11	417	G	0.00000	0.00014	0.99986	0.00000
Node11	418	G	0.00000	0.00014	0.99986	0.00000
Node11	419	G	0.00000	0.00014	0.99986	0.00000
Node11	420	G	0.00000	0.00014	0.99986	0.00000
Node11	421	G	0.00000	0.00014	0.99986	0.00000
Node11	422	G	0.00000	0.00014	0.99986	0.00000
Node11	423	G	0.00000	0.00014	0.99986	0.00000
Node11	424	G	0.00000	0.00014	0.99986	0.00000
Node11	425	G	0.00000	0.00014	0.99986	0.00000
Node11	426	G	0.00000	0.00014	0.99986	0.00000
Node11	427	G	0.00000	0.00014	0.99986	0.00000
Node11	428	G	0.00000	0.00014	0.99986	0.00000
Node11	429	G	0.00000	0.00014	0.99986	0.00000
Node11	430	G	0.00000	0.00014	0.99986	0.00000
Node11	431	C	0.00000	0.99953	0.00047	0.00000
Node11	432	C	0.00000	0.99953	0.00047	0.00000
Node11	433	C	0.00000	0.99953	0.00047	0.00000
Node11	434	C	0.00000	0.99953	0.00047	0.00000
Node11	435	C	0.00000	0.99953	0.00047	0.00000
Node11	436	C	0.00000	0.99953	0.00047	0.00000
Node11	437	C	0.00000	0.99953	0.00047	0.00000
Node11	438	C	0.00000	0.99953	0.00047	0.00000
Node11	439	C	0.00000	0.99953	0.00047	0.00000
Node11	440	C	0.00000	0.99953	0.00047	0.00000
Node11	441	C	0.00000	0.99953	0.00047	0.00000
Node11	442	C	0.00000	0.99953	0.00047	0.00000
Node11	443	C	0.00000	0.99953	0.00047	0.00000
Node11	444	C	0.00000	0.99953	0.00047	0.00000
Node11	445	C	0.00000	0.99953	0.00047	0.00000
Node11	446	C	0.00000	0.99953	0.00047	0.00000
Node11	447	C	0.00000	0.99953	0.00047	0.00000
Node11	448	C	0.00000	0.99953	0.00047	0.00000
Node11	449	C	0.00000	0.99953	0.00047	0.00000
Node11	450	C	0.00000	0.99953	0.00047	0.00000
Node11	451	C	0.00000	0.99953	0.00047	0.00000
Node11	452	C	0.00000	0.99953	0.00047	0.00000
Node11	453	C	0.00000	0.99953	0.00047	0.00000
Node11	454	C	0.00000	0.99953	0.00047	0.00000
Node11	455	C	0.00000	0.99953	0.00047	0.00000
Node11	456	C	0.00000	0.99953	0.00047	0.00000
Node11	457	C	0.00000	0.99953	0.00047	0.00000
Node11	458	C	0.00000	0.99953	0.00047	0.00000
Node11	459	C	0.00000	0.99953	0.00047	0.00000
Node11	460	C	0.00000	0.99953	0.00047	0.00000
Node11	461	C	0.00000	0.99953	0.00047	0.00000
Node11	462	C	0.00000	0.99953	0.00047	0.00000
Node11	463	C	0.00000	0.99953	0.00047	0.00000
Node11	464	C	0.00000	0.99953	0.00047	0.00000
Node11	465	C	0.00000	0.99953	0.00047	0.00000
Node11	466	C	0.00000	0.99953	0.00047	0.00000
Node11	467	C	0.00000	0.99953	0.00047	0.00000
Node11	468	C	0.00000	0.99953	0.00047	0.00000
Node11	469	C	0.00000	0.99953	0.00047	0.00000
Node11	470	C	0.00000	0.99953	0.00047	0.00000
Node11	471	C	0.00000	0.99953	0.00047	0.00000
Node11	472	C	0.00000	0.99953	0.00047	0.00000
Node11	473	C	0.00000	0.99953	0.00047	0.00000
Node11	474	C	0.00000	0.99957	0.00043	0.00000
Node11	475	C	0.00000	0.99957	0.00043	0.00000
Node11	476	C	0.00000	0.99957	0.00043	0.00000
Node11	477	C	0.00000	0.99957	0.00043	0.00000
Node11	478	C	0.00000	0.99957	0.00043	0.00000
Node11	479	C	0.00000	0.99957	0.00043	0.00000
Node11	480	C	0.00000	0.99957	0.00043	0.00000
Node11	481	C	0.00000	0.99957	0.00043	0.00000
Node11	482	C	0.00000	0.99957	0.00043	0.00000
Node11	483	C	0.00000	0.99953	0.00047	0.00000
Node11	484	C	0.00000	0.99953	0.00047	0.00000
Node11	485	C	0.00000	0.99953	0.00047	0.00000
Node11	486	C	0.00000	0.99953	0.00047	0.00000
Node11	487	C	0.00000	0.99953	0.00047	0.00000
Node11	488	C	0.00000	0.99950	0.00050	0.00000
Node11	489	C	0.00000	0.99950	0.00050	0.00000
Node11	490	C	0.00000	0.99950	0.00050	0.00000
Node11	491	C	0.00000	0.99948	0.00052	0.00000
Node11	492	C	0.00000	0.99949	0.00051	0.00000
Node11	493	C	0.00000	0.99948	0.00052	0.00000
Node11	494	C	0.00000	0.99949	0.00051	0.00000
Node11	495	C	0.00000	0.99952	0.00048	0.00000
Node11	496	C	0.00000	0.99954	0.00046	0.00000
Node11	497	G	0.00000	0.00010	0.99990	0.00000
Node11	498	G	0.00000	0.00010	0.99990	0.00000
Node11	499	G	0.00000	0.00010	0.99990	0.00000
Node11	500	G	0.00000	0.00010	0.99990	0.00000
Node11	501	G	0.00000	0.00010	0.99990	0.00000
Node11	502	C	0.00000	0.99957	0.00043	0.00000
Node11	503	C	0.00000	0.99957	0.00043	0.00000
Node11	504	C	0.00000	0.99957	0.00043	0.00000
Node11	505	C	0.00000	0.99953	0.00047	0.00000
Node11	506	C	0.00000	0.99957	0.00043	0.00000
Node11	507	C	0.00000	0.99957	0.00043	0.00000
Node11	508	C	0.00000	0.99957	0.00043	0.00000
Node11	509	C	0.00000	0.99957	0.00043	0.00000
Node11	510	C	0.00000	0.99957	0.00043	0.00000
Node11	511	C	0.00000	0.99957	0.00043	0.00000
Node11	512	C	0.00000	0.99957	0.00043	0.00000
Node11	513	C	0.00000	0.99957	0.00043	0.00000
Node11	514	C	0.00000	0.99957	0.00043	0.00000
Node11	515	C	0.00000	0.99957	0.00043	0.00000
Node11	516	C	0.00000	0.99957	0.00043	0.00000
Node11	517	G	0.00000	0.00010	0.99990	0.00000
Node11	518	C	0.00000	0.99956	0.00044	0.00000
Node11	519	C	0.00000	0.99956	0.00044	0.00000
Node11	520	C	0.00000	0.99956	0.00044	0.00000
Node11	521	C	0.00000	0.99955	0.00045	0.00000
Node11	522	C	0.00000	0.99956	0.00044	0.00000
Node11	523	C	0.00000	0.99955	0.00045	0.00000
Node11	524	C	0.00000	0.99956	0.00044	0.00000
Node11	525	C	0.00000	0.99956	0.00044	0.00000
Node11	526	C	0.00000	0.99956	0.00044	0.00000
Node11	527	C	0.00000	0.99957	0.00043	0.00000
Node11	528	C	0.00000	0.99957	0.00043	0.00000
Node11	529	C	0.00000	0.99957	0.00043	0.00000
Node11	530	C	0.00000	0.99530	0.00470	0.00000
Node11	531	C	0.00000	0.99530	0.00470	0.00000
Node11	532	C	0.00000	0.99530	0.00470	0.00000
Node11	533	C	0.00000	0.99530	0.00470	0.00000
Node11	534	C	0.00000	0.99530	0.00470	0.00000
Node11	535	C	0.00000	0.99530	0.00470	0.00000
Node11	536	C	0.00000	0.99530	0.00470	0.00000
Node11	537	C	0.00000	0.99530	0.00470	0.00000
Node11	538	C	0.00000	0.99351	0.00649	0.00000
Node11	539	C	0.00000	0.99526	0.00474	0.00000
Node11	540	C	0.00000	0.99526	0.00474	0.00000
Node11	541	C	0.00000	0.99503	0.00497	0.00000
Node11	542	C	0.00000	0.99496	0.00504	0.00000
Node11	543	C	0.00000	0.99314	0.00686	0.00000
Node11	544	G	0.00000	0.16550	0.83450	0.00000
Node11	545	C	0.00000	0.99314	0.00686	0.00000
Node11	546	C	0.00000	0.99314	0.00686	0.00000
Node11	547	G	0.00000	0.06988	0.93012	0.00000
Node11	548	G	0.00000	0.06993	0.93007	0.00000
Node11	549	G	0.00000	0.06993	0.93007	0.00000
Node11	550	C	0.00000	0.99496	0.00504	0.00000
Node11	551	C	0.00000	0.99391	0.00609	0.00000
Node11	552	C	0.00000	0.99496	0.00504	0.00000
Node11	553	G	0.00000	0.16911	0.83089	0.00000
Node11	554	C	0.00000	0.99332	0.00668	0.00000
Node11	555	C	0.00000	0.99332	0.00668	0.00000
Node11	556	C	0.00000	0.99332	0.00668	0.00000
Node11	557	G	0.00000	0.06988	0.93012	0.00000
Node11	558	G	0.00000	0.06988	0.93012	0.00000
Node11	559	G	0.00000	0.06988	0.93012	0.00000
Node11	560	G	0.00000	0.06988	0.93012	0.00000
Node11	561	G	0.00000	0.06988	0.93012	0.00000
Node11	562	C	0.00000	0.99313	0.00687	0.00000
Node11	563	C	0.00000	0.99313	0.00687	0.00000
Node10	1	G	0.00000	0.00637	0.99363	0.00000
Node10	2	G	0.00000	0.00645	0.99355	0.00000
Node10	3	G	0.00000	0.00658	0.99342	0.00000
Node10	4	G	0.00000	0.00658	0.99342	0.00000
Node10	5	G	0.00000	0.00644	0.99356	0.00000
Node10	6	G	0.00000	0.00644	0.99356	0.00000
Node10	7	G	0.00000	0.00655	0.99345	0.00000
Node10	8	G	0.00000	0.25659	0.74341	0.00000
Node10	9	G	0.00000	0.25659	0.74341	0.00000
Node10	10	G	0.00000	0.25659	0.74341	0.00000
Node10	11	G	0.00000	0.05768	0.94232	0.00000
Node10	12	G	0.00000	0.00655	0.99345	0.00000
Node10	13	G	0.00000	0.00655	0.99345	0.00000
Node10	14	G	0.00000	0.00655	0.99345	0.00000
Node10	15	G	0.00000	0.00658	0.99342	0.00000
Node10	16	G	0.00000	0.00655	0.99345	0.00000
Node10	17	G	0.00000	0.00658	0.99342	0.00000
Node10	18	G	0.00000	0.00655	0.99345	0.00000
Node10	19	G	0.00000	0.00655	0.99345	0.00000
Node10	20	G	0.00000	0.00658	0.99342	0.00000
Node10	21	G	0.00000	0.00655	0.99345	0.00000
Node10	22	G	0.00000	0.00658	0.99342	0.00000
Node10	23	G	0.00000	0.00655	0.99345	0.00000
Node10	24	G	0.00000	0.00731	0.99269	0.00000
Node10	25	G	0.00000	0.00701	0.99299	0.00000
Node10	26	G	0.00000	0.00731	0.99269	0.00000
Node10	27	G	0.00000	0.00655	0.99345	0.00000
Node10	28	G	0.00000	0.00655	0.99345	0.00000
Node10	29	G	0.00000	0.00655	0.99345	0.00000
Node10	30	G	0.00000	0.00731	0.99269	0.00000
Node10	31	G	0.00000	0.00701	0.99299	0.00000
Node10	32	G	0.00000	0.00731	0.99269	0.00000
Node10	33	G	0.00000	0.00655	0.99345	0.00000
Node10	34	G	0.00000	0.00657	0.99343	0.00000
Node10	35	G	0.00000	0.00658	0.99342	0.00000
Node10	36	G	0.00000	0.00658	0.99342	0.00000
Node10	37	G	0.00000	0.00658	0.99342	0.00000
Node10	38	G	0.00000	0.00658	0.99342	0.00000
Node10	39	G	0.00000	0.00658	0.99342	0.00000
Node10	40	G	0.00000	0.00658	0.99342	0.00000
Node10	41	G	0.00000	0.00773	0.99227	0.00000
Node10	42	G	0.00000	0.00658	0.99342	0.00000
Node10	43	G	0.00000	0.00658	0.99342	0.00000
Node10	44	G	0.00000	0.00812	0.99188	0.00000
Node10	45	G	0.00000	0.00666	0.99334	0.00000
Node10	46	G	0.00000	0.00682	0.99318	0.00000
Node10	47	G	0.00000	0.00682	0.99318	0.00000
Node10	48	G	0.00000	0.00669	0.99331	0.00000
Node10	49	G	0.00000	0.00669	0.99331	0.00000
Node10	50	G	0.00000	0.00659	0.99341	0.00000
Node10	51	G	0.00000	0.00659	0.99341	0.00000
Node10	52	G	0.00000	0.00659	0.99341	0.00000
Node10	53	G	0.00000	0.00659	0.99341	0.00000
Node10	54	G	0.00000	0.00659	0.99341	0.00000
Node10	55	G	0.00000	0.00657	0.99343	0.00000
Node10	56	G	0.00000	0.03555	0.96445	0.00000
Node10	57	G	0.00000	0.03554	0.96446	0.00000
Node10	58	G	0.00000	0.00649	0.99351	0.00000
Node10	59	G	0.00000	0.00649	0.99351	0.00000
Node10	60	G	0.00000	0.00650	0.99350	0.00000
Node10	61	G	0.00000	0.00650	0.99350	0.00000
Node10	62	G	0.00000	0.00650	0.99350	0.00000
Node10	63	G	0.00000	0.00650	0.99350	0.00000
Node10	64	G	0.00000	0.00650	0.99350	0.00000
Node10	65	G	0.00000	0.00649	0.99351	0.00000
Node10	66	G	0.00000	0.00649	0.99351	0.00000
Node10	67	G	0.00000	0.00649	0.99351	0.00000
Node10	68	G	0.00000	0.00649	0.99351	0.00000
Node10	69	G	0.00000	0.00649	0.99351	0.00000
Node10	70	G	0.00000	0.00649	0.99351	0.00000
Node10	71	G	0.00000	0.00016	0.99984	0.00000
Node10	72	G	0.00000	0.00016	0.99984	0.00000
Node10	73	G	0.00000	0.00016	0.99984	0.00000
Node10	74	G	0.00000	0.00639	0.99361	0.00000
Node10	75	G	0.00000	0.00016	0.99984	0.00000
Node10	76	G	0.00000	0.00016	0.99984	0.00000
Node10	77	G	0.00000	0.00639	0.99361	0.00000
Node10	78	G	0.00000	0.00016	0.99984	0.00000
Node10	79	G	0.00000	0.00016	0.99984	0.00000
Node10	80	G	0.00000	0.00016	0.99984	0.00000
Node10	81	G	0.00000	0.00016	0.99984	0.00000
Node10	82	G	0.00000	0.00016	0.99984	0.00000
Node10	83	G	0.00000	0.00016	0.99984	0.00000
Node10	84	G	0.00000	0.00016	0.99984	0.00000
Node10	85	G	0.00000	0.00016	0.99984	0.00000
Node10	86	G	0.00000	0.00016	0.99984	0.00000
Node10	87	G	0.00000	0.00016	0.99984	0.00000
Node10	88	G	0.00000	0.00016	0.99984	0.00000
Node10	89	G	0.00000	0.00016	0.99984	0.00000
Node10	90	G	0.00000	0.00016	0.99984	0.00000
Node10	91	G	0.00000	0.00016	0.99984	0.00000
Node10	92	G	0.00000	0.00016	0.99984	0.00000
Node10	93	G	0.00000	0.00016	0.99984	0.00000
Node10	94	G	0.00000	0.00016	0.99984	0.00000
Node10	95	G	0.00000	0.00016	0.99984	0.00000
Node10	96	G	0.00000	0.00016	0.99984	0.00000
Node10	97	G	0.00000	0.00016	0.99984	0.00000
Node10	98	G	0.00000	0.00016	0.99984	0.00000
Node10	99	G	0.00000	0.00016	0.99984	0.00000
Node10	100	G	0.00000	0.00016	0.99984	0.00000
Node10	101	G	0.00000	0.00016	0.99984	0.00000
Node10	102	G	0.00000	0.00016	0.99984	0.00000
Node10	103	G	0.00000	0.00016	0.99984	0.00000
Node10	104	G	0.00000	0.00016	0.99984	0.00000
Node10	105	G	0.00000	0.00016	0.99984	0.00000
Node10	106	G	0.00000	0.00016	0.99984	0.00000
Node10	107	G	0.00000	0.00016	0.99984	0.00000
Node10	108	G	0.00000	0.00016	0.99984	0.00000
Node10	109	G	0.00000	0.00016	0.99984	0.00000
Node10	110	G	0.00000	0.00649	0.99351	0.00000
Node10	111	G	0.00000	0.00649	0.99351	0.00000
Node10	112	G	0.00000	0.00649	0.99351	0.00000
Node10	113	G	0.00000	0.00649	0.99351	0.00000
Node10	114	G	0.00000	0.00649	0.99351	0.00000
Node10	115	G	0.00000	0.00642	0.99358	0.00000
Node10	116	C	0.00000	0.67734	0.32266	0.00000
Node10	117	C	0.00000	0.68803	0.31197	0.00000
Node10	118	C	0.00000	0.68054	0.31946	0.00000
Node10	119	C	0.00000	0.68803	0.31197	0.00000
Node10	120	C	0.00000	0.68054	0.31946	0.00000
Node10	121	C	0.00000	0.68054	0.31946	0.00000
Node10	122	C	0.00000	0.68089	0.31911	0.00000
Node10	123	C	0.00000	0.68089	0.31911	0.00000
Node10	124	C	0.00000	0.68089	0.31911	0.00000
Node10	125	C	0.00000	0.68054	0.31946	0.00000
Node10	126	C	0.00000	0.68089	0.31911	0.00000
Node10	127	C	0.00000	0.68036	0.31964	0.00000
Node10	128	C	0.00000	0.68034	0.31966	0.00000
Node10	129	C	0.00000	0.68034	0.31966	0.00000
Node10	130	C	0.00000	0.92129	0.07871	0.00000
Node10	131	C	0.00000	0.67500	0.32500	0.00000
Node10	132	C	0.00000	0.92133	0.07867	0.00000
Node10	133	C	0.00000	0.92133	0.07867	0.00000
Node10	134	C	0.00000	0.67461	0.32539	0.00000
Node10	135	C	0.00000	0.67461	0.32539	0.00000
Node10	136	C	0.00000	0.92120	0.07880	0.00000
Node10	137	C	0.00000	0.92120	0.07880	0.00000
Node10	138	C	0.00000	0.69143	0.30857	0.00000
Node10	139	C	0.00000	0.69143	0.30857	0.00000
Node10	140	C	0.00000	0.68208	0.31792	0.00000
Node10	141	C	0.00000	0.68074	0.31926	0.00000
Node10	142	C	0.00000	0.70384	0.29616	0.00000
Node10	143	C	0.00000	0.70384	0.29616	0.00000
Node10	144	C	0.00000	0.70384	0.29616	0.00000
Node10	145	C	0.00000	0.71538	0.28462	0.00000
Node10	146	C	0.00000	0.69946	0.30054	0.00000
Node10	147	C	0.00000	0.68849	0.31151	0.00000
Node10	148	C	0.00000	0.68849	0.31151	0.00000
Node10	149	C	0.00000	0.68849	0.31151	0.00000
Node10	150	C	0.00000	0.69142	0.30858	0.00000
Node10	151	C	0.00000	0.68883	0.31117	0.00000
Node10	152	C	0.00000	0.68205	0.31795	0.00000
Node10	153	C	0.00000	0.67831	0.32169	0.00000
Node10	154	C	0.00000	0.67782	0.32218	0.00000
Node10	155	C	0.00000	0.67839	0.32161	0.00000
Node10	156	C	0.00000	0.68750	0.31250	0.00000
Node10	157	C	0.00000	0.68517	0.31483	0.00000
Node10	158	G	0.00000	0.04839	0.95161	0.00000
Node10	159	G	0.00000	0.04839	0.95161	0.00000
Node10	160	G	0.00000	0.04839	0.95161	0.00000
Node10	161	G	0.00000	0.04839	0.95161	0.00000
Node10	162	G	0.00000	0.04839	0.95161	0.00000
Node10	163	G	0.00000	0.04839	0.95161	0.00000
Node10	164	G	0.00000	0.04860	0.95140	0.00000
Node10	165	G	0.00000	0.04859	0.95141	0.00000
Node10	166	G	0.00000	0.04859	0.95141	0.00000
Node10	167	G	0.00000	0.04859	0.95141	0.00000
Node10	168	G	0.00000	0.04860	0.95140	0.00000
Node10	169	G	0.00000	0.04860	0.95140	0.00000
Node10	170	G	0.00000	0.04860	0.95140	0.00000
Node10	171	G	0.00000	0.04856	0.95144	0.00000
Node10	172	C	0.00000	0.67469	0.32531	0.00000
Node10	173	C	0.00000	0.67469	0.32531	0.00000
Node10	174	G	0.00000	0.04896	0.95104	0.00000
Node10	175	G	0.00000	0.04896	0.95104	0.00000
Node10	176	G	0.00000	0.04893	0.95107	0.00000
Node10	177	G	0.00000	0.04820	0.95180	0.00000
Node10	178	G	0.00000	0.00016	0.99984	0.00000
Node10	179	G	0.00000	0.00016	0.99984	0.00000
Node10	180	G	0.00000	0.00016	0.99984	0.00000
Node10	181	G	0.00000	0.04938	0.95062	0.00000
Node10	182	G	0.00000	0.04938	0.95062	0.00000
Node10	183	C	0.00000	0.69096	0.30904	0.00000
Node10	184	C	0.00000	0.68807	0.31193	0.00000
Node10	185	C	0.00000	0.93126	0.06874	0.00000
Node10	186	C	0.00000	0.70610	0.29390	0.00000
Node10	187	C	0.00000	0.93087	0.06913	0.00000
Node10	188	C	0.00000	0.70484	0.29516	0.00000
Node10	189	C	0.00000	0.93087	0.06913	0.00000
Node10	190	C	0.00000	0.92850	0.07150	0.00000
Node10	191	G	0.00000	0.00088	0.99912	0.00000
Node10	192	G	0.00000	0.00016	0.99984	0.00000
Node10	193	G	0.00000	0.00016	0.99984	0.00000
Node10	194	G	0.00000	0.00016	0.99984	0.00000
Node10	195	G	0.00000	0.00016	0.99984	0.00000
Node10	196	G	0.00000	0.00088	0.99912	0.00000
Node10	197	G	0.00000	0.00088	0.99912	0.00000
Node10	198	C	0.00000	0.92097	0.07903	0.00000
Node10	199	C	0.00000	0.92180	0.07820	0.00000
Node10	200	C	0.00000	0.92097	0.07903	0.00000
Node10	201	C	0.00000	0.99602	0.00398	0.00000
Node10	202	C	0.00000	0.99430	0.00570	0.00000
Node10	203	C	0.00000	0.99423	0.00577	0.00000
Node10	204	C	0.00000	0.99060	0.00940	0.00000
Node10	205	C	0.00000	0.98891	0.01109	0.00000
Node10	206	C	0.00000	0.98891	0.01109	0.00000
Node10	207	C	0.00000	0.98885	0.01115	0.00000
Node10	208	C	0.00000	0.99587	0.00413	0.00000
Node10	209	C	0.00000	0.99682	0.00318	0.00000
Node10	210	C	0.00000	0.99682	0.00318	0.00000
Node10	211	C	0.00000	0.99682	0.00318	0.00000
Node10	212	C	0.00000	0.99702	0.00298	0.00000
Node10	213	C	0.00000	0.99810	0.00190	0.00000
Node10	214	C	0.00000	0.99810	0.00190	0.00000
Node10	215	C	0.00000	0.99810	0.00190	0.00000
Node10	216	C	0.00000	0.99810	0.00190	0.00000
Node10	217	C	0.00000	0.99810	0.00190	0.00000
Node10	218	C	0.00000	0.99810	0.00190	0.00000
Node10	219	C	0.00000	0.99812	0.00188	0.00000
Node10	220	C	0.00000	0.99812	0.00188	0.00000
Node10	221	C	0.00000	0.99812	0.00188	0.00000
Node10	222	C	0.00000	0.99812	0.00188	0.00000
Node10	223	C	0.00000	0.99812	0.00188	0.00000
Node10	224	C	0.00000	0.99812	0.00188	0.00000
Node10	225	C	0.00000	0.99812	0.00188	0.00000
Node10	226	C	0.00000	0.99812	0.00188	0.00000
Node10	227	C	0.00000	0.99812	0.00188	0.00000
Node10	228	C	0.00000	0.99812	0.00188	0.00000
Node10	229	C	0.00000	0.99812	0.00188	0.00000
Node10	230	C	0.00000	0.99812	0.00188	0.00000
Node10	231	C	0.00000	0.99812	0.00188	0.00000
Node10	232	C	0.00000	0.99812	0.00188	0.00000
Node10	233	C	0.00000	0.99812	0.00188	0.00000
Node10	234	C	0.00000	0.99812	0.00188	0.00000
Node10	235	C	0.00000	0.99812	0.00188	0.00000
Node10	236	C	0.00000	0.99812	0.00188	0.00000
Node10	237	C	0.00000	0.99812	0.00188	0.00000
Node10	238	C	0.00000	0.99812	0.00188	0.00000
Node10	239	C	0.00000	0.99812	0.00188	0.00000
Node10	240	C	0.00000	0.99812	0.00188	0.00000
Node10	241	C	0.00000	0.99812	0.00188	0.00000
Node10	242	C	0.00000	0.99812	0.00188	0.00000
Node10	243	C	0.00000	0.99812	0.00188	0.00000
Node10	244	C	0.00000	0.99812	0.00188	0.00000
Node10	245	C	0.00000	0.99812	0.00188	0.00000
Node10	246	C	0.00000	0.99812	0.00188	0.00000
Node10	247	C	0.00000	0.99812	0.00188	0.00000
Node10	248	C	0.00000	0.99812	0.00188	0.00000
Node10	249	C	0.00000	0.99812	0.00188	0.00000
Node10	250	C	0.00000	0.99812	0.00188	0.00000
Node10	251	C	0.00000	0.99812	0.00188	0.00000
Node10	252	C	0.00000	0.99812	0.00188	0.00000
Node10	253	C	0.00000	0.99812	0.00188	0.00000
Node10	254	C	0.00000	0.99810	0.00190	0.00000
Node10	255	C	0.00000	0.99810	0.00190	0.00000
Node10	256	C	0.00000	0.99810	0.00190	0.00000
Node10	257	C	0.00000	0.99810	0.00190	0.00000
Node10	258	C	0.00000	0.99808	0.00192	0.00000
Node10	259	C	0.00000	0.92641	0.07359	0.00000
Node10	260	C	0.00000	0.92879	0.07121	0.00000
Node10	261	C	0.00000	0.99812	0.00188	0.00000
Node10	262	C	0.00000	0.99812	0.00188	0.00000
Node10	263	C	0.00000	0.99812	0.00188	0.00000
Node10	264	C	0.00000	0.99810	0.00190	0.00000
Node10	265	C	0.00000	0.99812	0.00188	0.00000
Node10	266	C	0.00000	0.99812	0.00188	0.00000
Node10	267	C	0.00000	0.99812	0.00188	0.00000
Node10	268	C	0.00000	0.99812	0.00188	0.00000
Node10	269	C	0.00000	0.99812	0.00188	0.00000
Node10	270	C	0.00000	0.99812	0.00188	0.00000
Node10	271	C	0.00000	0.92885	0.07115	0.00000
Node10	272	C	0.00000	0.99812	0.00188	0.00000
Node10	273	C	0.00000	0.99812	0.00188	0.00000
Node10	274	C	0.00000	0.99812	0.00188	0.00000
Node10	275	C	0.00000	0.99812	0.00188	0.00000
Node10	276	C	0.00000	0.99812	0.00188	0.00000
Node10	277	C	0.00000	0.99812	0.00188	0.00000
Node10	278	C	0.00000	0.99812	0.00188	0.00000
Node10	279	C	0.00000	0.99812	0.00188	0.00000
Node10	280	C	0.00000	0.99812	0.00188	0.00000
Node10	281	C	0.00000	0.99812	0.00188	0.00000
Node10	282	C	0.00000	0.99812	0.00188	0.00000
Node10	283	C	0.00000	0.99812	0.00188	0.00000
Node10	284	C	0.00000	0.99812	0.00188	0.00000
Node10	285	C	0.00000	0.99812	0.00188	0.00000
Node10	286	C	0.00000	0.99812	0.00188	0.00000
Node10	287	C	0.00000	0.99812	0.00188	0.00000
Node10	288	C	0.00000	0.99812	0.00188	0.00000
Node10	289	C	0.00000	0.99812	0.00188	0.00000
Node10	290	C	0.00000	0.99984	0.00016	0.00000
Node10	291	C	0.00000	0.99984	0.00016	0.00000
Node10	292	C	0.00000	0.99984	0.00016	0.00000
Node10	293	C	0.00000	0.99984	0.00016	0.00000
Node10	294	C	0.00000	0.99984	0.00016	0.00000
Node10	295	C	0.00000	0.99984	0.00016	0.00000
Node10	296	C	0.00000	0.99984	0.00016	0.00000
Node10	297	C	0.00000	0.99984	0.00016	0.00000
Node10	298	C	0.00000	0.99984	0.00016	0.00000
Node10	299	C	0.00000	0.99984	0.00016	0.00000
Node10	300	C	0.00000	0.99984	0.00016	0.00000
Node10	301	C	0.00000	0.99984	0.00016	0.00000
Node10	302	C	0.00000	0.99984	0.00016	0.00000
Node10	303	C	0.00000	0.99984	0.00016	0.00000
Node10	304	C	0.00000	0.99984	0.00016	0.00000
Node10	305	C	0.00000	0.99984	0.00016	0.00000
Node10	306	G	0.00000	0.00026	0.99974	0.00000
Node10	307	C	0.00000	0.99984	0.00016	0.00000
Node10	308	C	0.00000	0.99984	0.00016	0.00000
Node10	309	C	0.00000	0.99984	0.00016	0.00000
Node10	310	C	0.00000	0.99984	0.00016	0.00000
Node10	311	C	0.00000	0.99984	0.00016	0.00000
Node10	312	C	0.00000	0.99984	0.00016	0.00000
Node10	313	C	0.00000	0.99984	0.00016	0.00000
Node10	314	C	0.00000	0.99984	0.00016	0.00000
Node10	315	C	0.00000	0.99984	0.00016	0.00000
Node10	316	C	0.00000	0.99984	0.00016	0.00000
Node10	317	C	0.00000	0.99984	0.00016	0.00000
Node10	318	C	0.00000	0.99984	0.00016	0.00000
Node10	319	C	0.00000	0.99982	0.00018	0.00000
Node10	320	C	0.00000	0.99984	0.00016	0.00000
Node10	321	C	0.00000	0.99984	0.00016	0.00000
